[General]
FileFormat=1

[Dio]
PortAssign=0, 1, 2, 3, 4, 5

[Camera_0]
Enable=1
Position=0, 0
Sensor.IrgFile=cameraParam.irg
Sensor.ImageSize=1296, 968
Sensor.FrameRate=500
Sensor.ExposureTime=-1
Sensor.FDGain=1
Sensor.AnalogGain=23
Sensor.BinarizeThreshold=10, 15
Sensor.DetectionThreshold=10
Undistortion.Intrinsic=815.794474638441, 0, 647.5, 0, 815.794474638441, 483.5, 0, 0, 1
Undistortion.Distortion=-0.226839712580912, 0.104091873666515, 0, 0, -2.36079144237684E-02
Undistortion.NewCameraMatrix=665.26708984375, 0, 646.884470559395, 0, 665.062866210938, 482.935820555358, 0, 0, 1
Undistortion.ReprojectionError=0.415927670433919
Homography.Matrix=1.36973372739634, -9.02723968960983E-03, -197.001687399017, -0.014236750027138, 1.45268815102162, -185.365418756704, 2.29519400615858E-05, -4.35582911481779E-05, 1
Homography.MarkerPitch=3655, 2508
Homography.MarkerPositionX=187.699996948242, 1064, 1043.40002441406, 191
Homography.MarkerPositionY=159.600006103516, 168.5, 767.799987792969, 747.299987792969
Homography.AreaRatio=1.1, 1.1, 1.1, 1.1
Homography.ImageSize=1296, 968
Tracking.Type=0
Tracking.TargetDiameter=153
Prediction.ParamFile=filter.xml

[Camera_1]
Enable=1
Position=1, 0
Sensor.IrgFile=cameraParam.irg
Sensor.ImageSize=1296, 968
Sensor.FrameRate=500
Sensor.ExposureTime=-1
Sensor.FDGain=1
Sensor.AnalogGain=23
Sensor.BinarizeThreshold=10, 15
Sensor.DetectionThreshold=10
Undistortion.Intrinsic=794.472346873027, 0, 647.5, 0, 794.472346873027, 483.5, 0, 0, 1
Undistortion.Distortion=-0.226578787479172, 0.122038183004869, 0, 0, -3.85422160812851E-02
Undistortion.NewCameraMatrix=620.748413085938, 0, 646.611721647889, 0, 620.492370605469, 482.783301395153, 0, 0, 1
Undistortion.ReprojectionError=0.514669676059238
Homography.Matrix=1.36340878573372, -7.08226492778154E-02, -311.665833115623, 4.21634371989607E-02, 1.463342070687, -233.959522619004, -2.85360419133079E-06, -5.53962234449141E-05, 1
Homography.MarkerPitch=3655, 2508
Homography.MarkerPositionX=280.399993896484, 1133.59997558594, 1133.90002441406, 309.5
Homography.MarkerPositionY=181.300003051758, 156.699996948242, 730.799987792969, 755.200012207031
Homography.AreaRatio=1.1, 1.1, 1.1, 1.1
Homography.ImageSize=1296, 968
Tracking.Type=0
Tracking.TargetDiameter=82
Prediction.ParamFile=filter.xml

[Target_0]
Camera=0, 1
EnablePrediction=0
PredictDuration=40
CourseData=M4Record.bin
